26049
17173
14667
42192
44196
35417
17341
8707
38388
40463
9978
33902
50412
32718
38683
62372
56197
55048
3908
5047
64713
62140
11308
62770
39875
56485
47737
41749
2504
26647
59696
24308
22705
62342
37476
58053
27068
56137
53479
44927
62761
602
36650
25999
6781
743
34362
58036
37694
31037
23018
52831
64188
57196
27921
58420
8887
52174
27816
39526
3944
20609
56939
18717
47878
12731
40531
12249
672
44456
49452
14129
18698
26029
55526
6021
12844
26453
56398
16860
61056
26313
44794
3520
36076
34256
25166
61345
44536
54582
9543
58738
20431
29550
35095
36064
41885
24155
19433
3651
27693
57331
31940
60186
6221
53705
12906
60711
674
45866
40675
44548
12713
58365
22752
7367
59062
62740
53041
53791
57125
22644
65449
6554
37125
18989
28139
10918
59728
18623
40589
54168
16038
8872
58143
44802
46540
33415
23376
7647
15868
934
47539
37402
26541
33459
36606
64192
37448
25038
51197
18478
33087
26668
18562
20725
10388
23749
29474
53772
4462
21729
16960
44296
53706
19290
54682
57048
50236
6149
61399
20528
5925
28809
29844
38839
58131
43204
8247
62484
51006
24978
15119
13065
28385
60615
12207
22865
52063
40387
42211
48910
822
33361
60585
60584
28150
39104
24351
60954
7913
51679
8496
36150
48177
101
9821
4287
50161
14198
10873
50193
5686
22400
22281
54406
7542
2076
9989
35896
21119
5905
30386
53281
81
54312
2847
8111
4661
26572
63700
24623
42864
7001
23237
7463
1458
11760
42196
55810
738
54254
24391
49063
59762
37338
19970
41977
19833
14891
28184
53231
62745
26568
466
21850
25163
39414
15795
28086
20323
55732
27590
39377
30839
37014
21638
52442
56090
32343
61848
14051
33025
20646
21826
35115
23149
39062
62885
15382
24492
50887
19205
16764
30526
37627
49333
6289
40207
6584
7994
49409
47168
60174
53135
2920
64873
58570
4656
7233
52237
43150
41991
9716
40168
47065
26294
52509
56438
11499
50278
57813
53073
56398
28732
1954
52671
40851
18274
7804
1630
6856
55895
14265
26257
31708
9732
13425
28464
16744
20377
54771
24256
52642
36908
44700
52384
30459
40223
34789
15433
31209
43942
9295
20839
64345
3916
52968
46859
35097
30948
41178
57935
53709
2949
24118
5425
51360
5083
65501
13805
63067
55802
36776
37715
16911
10920
42936
48294
11047
10681
21654
29867
62985
20188
5542
6370
8045
6314
28313
51463
397
47532
49549
13503
44467
28705
45625
20277
54379
13915
63862
44981
13102
22071
37823
7206
26635
10652
30522
29661
36498
60166
17587
55300
30141
6085
40163
49123
10414
10364
14024
29672
33843
40707
30402
55253
34198
57973
61237
13309
17397
38398
56381
56390
16714
62508
46012
52025
6880
58002
19152
64650
1790
32599
49389
3830
61188
42887
24794
22008
1679
41062
26446
31246
14700
39791
12305
22391
42937
8893
41867
20565
10665
46625
63951
28105
48924
36597
33744
46213
11064
58728
18820
4690
21803
25691
62184
27643
28155
9439
52232
4944
9097
28239
20432
23775
11136
10273
46237
4548
18807
60731
36561
3211
17084
49581
64198
48772
23634
47672
32596
34129
27760
21560
15964
21807
58698
41892
14331
5116
47729
59211
43389
12535
37319
46
39102
16030
19576
60250
47672
7311
55345
56629
18706
12170
9530
21695
30748
11160
38659
15473
38481
37010
53997
30791
15358
33131
16492
35891
7413
31725
11894
65331
55989
26131
30941
58580
13657
47431
52456
23512
46470
28633
43847
40201
45839
63219
57117
25427
60810
21692
63978
30263
41981
4163
9068
5098
47443
11420
7929
63746
25306
47972
15854
6931
42624
35352
17527
39349
32431
10856
17353
24899
25371
54604
38660
58162
44929
17467
34393
48368
34031
49394
23441
13965
20034
7099
45906
61809
42791
34717
39965
42128
36009
13368
12071
18853
8418
56327
5130
1460
63395
62460
10052
29072
35234
7346
57492
48209
42334
24255
14836
44367
15022
26695
40582
31782
52794
54032
47618
12050
65226
42375
2623
2406
30239
3861
33891
6411
11253
28327
60297
8424
14827
12869
5768
43887
29949
5489
4849
41532
19223
51940
5143
14853
56079
41610
29326
41909
8633
16231
45868
51156
18869
51117
59501
20390
29555
3356
38514
37626
37324
14781
9496
18797
35860
26278
29852
28088
43619
52486
13533
57347
15069
46634
36123
32048
22694
64262
38613
33583
9669
26709
21025
55670
41516
11923
30931
51090
31263
11897
57407
38370
46930
20552
41912
50472
41091
38778
54317
60365
21899
37502
57291
49916
53219
30799
53152
40223
64434
26940
7456
61979
6690
7733
34339
10076
44252
61419
30764
28950
53918
44540
31586
2843
26672
48058
18175
61590
64887
25844
46184
16141
61123
16109
47063
6350
52380
43360
32159
57595
60029
28317
11778
16093
3533
63877
4024
23159
2945
20879
30258
4182
54062
53689
19896
31244
15277
31794
8135
39568
36366
37620
3777
30006
39453
17135
50360
31354
18945
19673
26231
25204
35522
39237
52746
4346
46210
3903
9981
32304
51334
10615
20241
20274
9108
4251
26603
30806
4752
11704
58850
3356
56384
34785
13777
7126
49032
63771
11181
58466
28628
37309
44551
56424
15372
60342
9207
14439
9529
55856
45814
14930
15274
49849
17883
27603
2525
3330
5390
30463
11776
53876
11976
17200
29673
16520
34077
51375
23542
48513
51827
7002
30173
42928
58553
5774
60187
43404
49130
59858
432
55639
37345
18930
59292
51068
16374
62520
16414
58460
6952
27803
24428
16872
58703
52100
61127
14576
25073
7974
35711
18977
13113
24236
28208
10512
37013
28193
65089
2368
25495
59369
34532
25404
29321
44894
53411
45050
41363
3770
54074
21440
44233
56437
53606
48430
33369
55378
10618
51767
3370
53929
52353
55401
35213
59172
22638
39443
42840
64393
6858
19162
52089
6570
1692
11849
48790
9471
52285
13939
19226
53146
35490
12677
35740
47803
59786
10286
34436
64553
8587
32108
50704
9756
31683
34732
49232
45851
65032
31962
31103
54533
17243
46000
63747
3496
18914
3625
5601
19277
18883
20523
14242
7050
22805
48097
56313
44457
50013
26586
46306
5044
64617
54121
48674
26687
2454
34973
47272
8061
6014
31378
36448
61012
53073
61213
32208
59988
23692
26138
56005
5040
5126
11107
15455
38710
22117
15485
10613
11183
50225
25958
36519
56448
46961
427
24041
60704
26615
36297
49653
52697
15011
8586
61750
5476
47914
